Webots Project File version R2025a
perspectives: 000000ff00000000fd00000002000000010000015b00000305fc0200000001fb0000001400540065007800740045006400690074006f00720100000000000003050000008b00ffffff0000000300000500000000defc0100000001fb0000001a0043006f006e0073006f006c00650041006c006c0041006c006c030000000000000242000004fe000000de000003a30000030500000001000000020000000100000008fc00000000
simulationViewPerspectives: 000000ff00000001000000020000013e000008e40100000002010000000100
sceneTreePerspectives: 000000ff00000001000000030000001e000000c0000001a40100000002010000000200
maximizedDockId: -1
centralWidgetVisible: 1
orthographicViewHeight: 1
textFiles: 2 "controllers/main/main.cpp" "../../sensing.h" "Makefile"
globalOptionalRendering: LightSensorRays
consoles: Console:All:All
renderingDevicePerspectives: e-puck:camera;1;4.15385;2.61601e-10;0.00841515
